        time         r95a         best         r95b
      -430.0        -5.57        -5.57        -5.57
      -429.9        -5.47        -5.47        -5.47
      -429.8        -5.33        -5.33        -5.33
      -429.7        -5.16        -5.16        -5.16
      -429.6        -4.97        -4.97        -4.97
      -429.5        -4.76        -4.76        -4.76
      -429.4        -4.55        -4.55        -4.55
      -429.3        -4.34        -4.34        -4.34
      -429.2        -4.15        -4.15        -4.15
      -429.1        -3.98        -3.98        -3.98
      -429.0        -3.84        -3.84        -3.84
      -428.9        -3.73        -3.73        -3.73
      -428.8        -3.66        -3.66        -3.66
      -428.7        -3.62        -3.62        -3.62
      -428.6        -3.60        -3.60        -3.60
      -428.5        -3.60        -3.60        -3.60
      -428.4        -3.61        -3.61        -3.61
      -428.3        -3.63        -3.63        -3.63
      -428.2        -3.65        -3.65        -3.65
      -428.1        -3.66        -3.66        -3.66
      -428.0        -3.67        -3.67        -3.67
      -427.9        -3.67        -3.67        -3.67
      -427.8        -3.65        -3.65        -3.65
      -427.7        -3.62        -3.62        -3.62
      -427.6        -3.58        -3.58        -3.58
      -427.5        -3.54        -3.54        -3.54
      -427.4        -3.49        -3.49        -3.49
      -427.3        -3.43        -3.43        -3.43
      -427.2        -3.37        -3.37        -3.37
      -427.1        -3.31        -3.31        -3.31
      -427.0        -3.25        -3.25        -3.25
      -426.9        -3.19        -3.19        -3.19
      -426.8        -3.13        -3.13        -3.13
      -426.7        -3.07        -3.07        -3.07
      -426.6        -3.02        -3.02        -3.02
      -426.5        -2.97        -2.97        -2.97
      -426.4        -2.93        -2.93        -2.93
      -426.3        -2.90        -2.90        -2.90
      -426.2        -2.88        -2.88        -2.88
      -426.1        -2.87        -2.87        -2.87
      -426.0        -2.87        -2.87        -2.87
      -425.9        -2.88        -2.88        -2.88
      -425.8        -2.90        -2.90        -2.90
      -425.7        -2.93        -2.93        -2.93
      -425.6        -2.96        -2.96        -2.96
      -425.5        -2.99        -2.99        -2.99
      -425.4        -3.01        -3.01        -3.01
      -425.3        -3.03        -3.03        -3.03
      -425.2        -3.03        -3.03        -3.03
      -425.1        -3.02        -3.02        -3.02
      -425.0        -2.99        -2.99        -2.99
      -424.9        -2.94        -2.94        -2.94
      -424.8        -2.87        -2.87        -2.87
      -424.7        -2.79        -2.79        -2.79
      -424.6        -2.69        -2.69        -2.69
      -424.5        -2.59        -2.59        -2.59
      -424.4        -2.49        -2.49        -2.49
      -424.3        -2.39        -2.39        -2.39
      -424.2        -2.29        -2.29        -2.29
      -424.1        -2.21        -2.21        -2.21
      -424.0        -2.13        -2.13        -2.13
      -423.9        -2.07        -2.07        -2.07
      -423.8        -2.03        -2.02        -2.01
      -423.7        -1.99        -1.98        -1.96
      -423.6        -1.97        -1.94        -1.93
      -423.5        -1.95        -1.92        -1.90
      -423.4        -1.93        -1.90        -1.87
      -423.3        -1.91        -1.87        -1.84
      -423.2        -1.89        -1.85        -1.81
      -423.1        -1.87        -1.82        -1.78
      -423.0        -1.84        -1.78        -1.74
      -422.9        -1.80        -1.73        -1.68
      -422.8        -1.75        -1.68        -1.62
      -422.7        -1.69        -1.61        -1.55
      -422.6        -1.63        -1.54        -1.47
      -422.5        -1.56        -1.46        -1.38
      -422.4        -1.48        -1.38        -1.30
      -422.3        -1.41        -1.30        -1.21
      -422.2        -1.33        -1.21        -1.12
      -422.1        -1.26        -1.13        -1.03
      -422.0        -1.19        -1.05        -0.94
      -421.9        -1.12        -0.97        -0.86
      -421.8        -1.06        -0.90        -0.78
      -421.7        -1.00        -0.84        -0.71
      -421.6        -0.95        -0.78        -0.64
      -421.5        -0.91        -0.73        -0.58
      -421.4        -0.87        -0.68        -0.53
      -421.3        -0.85        -0.65        -0.49
      -421.2        -0.83        -0.62        -0.45
      -421.1        -0.82        -0.60        -0.43
      -421.0        -0.82        -0.59        -0.41
      -420.9        -0.83        -0.59        -0.41
      -420.8        -0.85        -0.60        -0.41
      -420.7        -0.87        -0.62        -0.42
      -420.6        -0.90        -0.64        -0.44
      -420.5        -0.93        -0.66        -0.45
      -420.4        -0.96        -0.68        -0.46
      -420.3        -0.98        -0.70        -0.47
      -420.2        -1.00        -0.70        -0.47
      -420.1        -1.00        -0.70        -0.46
      -420.0        -1.00        -0.69        -0.44
      -419.9        -0.98        -0.66        -0.41
      -419.8        -0.94        -0.62        -0.36
      -419.7        -0.90        -0.57        -0.30
      -419.6        -0.85        -0.51        -0.24
      -419.5        -0.79        -0.44        -0.17
      -419.4        -0.73        -0.37        -0.09
      -419.3        -0.67        -0.30        -0.01
      -419.2        -0.60        -0.23         0.06
      -419.1        -0.54        -0.16         0.14
      -419.0        -0.49        -0.10         0.21
      -418.9        -0.43        -0.04         0.27
      -418.8        -0.39         0.01         0.33
      -418.7        -0.35         0.06         0.39
      -418.6        -0.31         0.11         0.44
      -418.5        -0.28         0.15         0.48
      -418.4        -0.24         0.19         0.53
      -418.3        -0.21         0.23         0.57
      -418.2        -0.18         0.27         0.62
      -418.1        -0.15         0.31         0.67
      -418.0        -0.11         0.35         0.71
      -417.9        -0.07         0.39         0.76
      -417.8        -0.03         0.44         0.82
      -417.7         0.01         0.49         0.88
      -417.6         0.06         0.55         0.94
      -417.5         0.11         0.61         1.00
      -417.4         0.17         0.67         1.07
      -417.3         0.23         0.73         1.13
      -417.2         0.29         0.80         1.21
      -417.1         0.35         0.87         1.28
      -417.0         0.42         0.94         1.36
      -416.9         0.49         1.02         1.44
      -416.8         0.56         1.10         1.52
      -416.7         0.63         1.18         1.61
      -416.6         0.70         1.25         1.69
      -416.5         0.78         1.33         1.77
      -416.4         0.84         1.41         1.85
      -416.3         0.91         1.48         1.93
      -416.2         0.97         1.54         2.00
      -416.1         1.03         1.61         2.07
      -416.0         1.08         1.66         2.12
      -415.9         1.12         1.71         2.18
      -415.8         1.15         1.75         2.22
      -415.7         1.18         1.78         2.26
      -415.6         1.20         1.81         2.29
      -415.5         1.22         1.83         2.32
      -415.4         1.24         1.86         2.34
      -415.3         1.25         1.87         2.37
      -415.2         1.26         1.89         2.39
      -415.1         1.28         1.91         2.41
      -415.0         1.29         1.92         2.42
      -414.9         1.30         1.94         2.44
      -414.8         1.31         1.95         2.47
      -414.7         1.33         1.97         2.49
      -414.6         1.34         1.99         2.51
      -414.5         1.36         2.01         2.53
      -414.4         1.37         2.03         2.56
      -414.3         1.39         2.06         2.58
      -414.2         1.41         2.08         2.61
      -414.1         1.43         2.10         2.64
      -414.0         1.45         2.13         2.67
      -413.9         1.48         2.16         2.70
      -413.8         1.50         2.18         2.73
      -413.7         1.53         2.21         2.76
      -413.6         1.55         2.24         2.79
      -413.5         1.58         2.27         2.82
      -413.4         1.61         2.30         2.86
      -413.3         1.64         2.33         2.89
      -413.2         1.66         2.36         2.92
      -413.1         1.69         2.40         2.95
      -413.0         1.72         2.43         2.99
      -412.9         1.75         2.45         3.02
      -412.8         1.77         2.48         3.05
      -412.7         1.80         2.51         3.08
      -412.6         1.82         2.54         3.11
      -412.5         1.85         2.56         3.13
      -412.4         1.87         2.59         3.16
      -412.3         1.89         2.61         3.19
      -412.2         1.91         2.63         3.21
      -412.1         1.93         2.65         3.23
      -412.0         1.95         2.67         3.25
      -411.9         1.96         2.69         3.27
      -411.8         1.97         2.70         3.28
      -411.7         1.99         2.72         3.30
      -411.6         2.00         2.73         3.31
      -411.5         2.01         2.74         3.32
      -411.4         2.02         2.75         3.33
      -411.3         2.02         2.76         3.34
      -411.2         2.03         2.77         3.35
      -411.1         2.04         2.77         3.36
      -411.0         2.04         2.78         3.36
      -410.9         2.04         2.78         3.37
      -410.8         2.05         2.78         3.37
      -410.7         2.05         2.79         3.37
      -410.6         2.05         2.79         3.37
      -410.5         2.05         2.78         3.37
      -410.4         2.04         2.78         3.37
      -410.3         2.04         2.78         3.36
      -410.2         2.03         2.77         3.35
      -410.1         2.02         2.76         3.34
      -410.0         2.01         2.74         3.33
      -409.9         1.99         2.73         3.31
      -409.8         1.97         2.71         3.29
      -409.7         1.95         2.69         3.27
      -409.6         1.93         2.66         3.25
      -409.5         1.91         2.64         3.22
      -409.4         1.88         2.61         3.19
      -409.3         1.86         2.59         3.17
      -409.2         1.83         2.56         3.14
      -409.1         1.81         2.54         3.11
      -409.0         1.79         2.51         3.09
      -408.9         1.76         2.49         3.06
      -408.8         1.74         2.47         3.04
      -408.7         1.73         2.45         3.02
      -408.6         1.71         2.43         3.00
      -408.5         1.69         2.41         2.98
      -408.4         1.67         2.39         2.96
      -408.3         1.66         2.37         2.94
      -408.2         1.65         2.36         2.92
      -408.1         1.63         2.34         2.90
      -408.0         1.62         2.32         2.88
      -407.9         1.61         2.31         2.87
      -407.8         1.59         2.29         2.85
      -407.7         1.58         2.28         2.83
      -407.6         1.57         2.26         2.81
      -407.5         1.55         2.24         2.79
      -407.4         1.54         2.22         2.77
      -407.3         1.52         2.20         2.75
      -407.2         1.50         2.18         2.72
      -407.1         1.47         2.15         2.69
      -407.0         1.45         2.12         2.66
      -406.9         1.42         2.09         2.62
      -406.8         1.38         2.05         2.58
      -406.7         1.35         2.01         2.53
      -406.6         1.31         1.97         2.49
      -406.5         1.27         1.92         2.44
      -406.4         1.22         1.87         2.39
      -406.3         1.18         1.82         2.34
      -406.2         1.13         1.77         2.28
      -406.1         1.08         1.72         2.23
      -406.0         1.04         1.67         2.17
      -405.9         0.99         1.62         2.12
      -405.8         0.94         1.56         2.06
      -405.7         0.89         1.51         2.00
      -405.6         0.85         1.46         1.95
      -405.5         0.80         1.41         1.89
      -405.4         0.75         1.35         1.83
      -405.3         0.70         1.30         1.78
      -405.2         0.66         1.25         1.72
      -405.1         0.61         1.20         1.66
      -405.0         0.56         1.14         1.61
      -404.9         0.52         1.09         1.55
      -404.8         0.47         1.04         1.49
      -404.7         0.42         0.99         1.44
      -404.6         0.38         0.94         1.38
      -404.5         0.33         0.88         1.32
      -404.4         0.28         0.83         1.27
      -404.3         0.24         0.78         1.21
      -404.2         0.19         0.72         1.15
      -404.1         0.14         0.67         1.09
      -404.0         0.09         0.62         1.03
      -403.9         0.05         0.56         0.97
      -403.8         0.00         0.51         0.91
      -403.7        -0.05         0.45         0.85
      -403.6        -0.10         0.40         0.79
      -403.5        -0.15         0.34         0.73
      -403.4        -0.20         0.29         0.67
      -403.3        -0.25         0.23         0.61
      -403.2        -0.29         0.18         0.55
      -403.1        -0.34         0.13         0.49
      -403.0        -0.39         0.07         0.44
      -402.9        -0.43         0.02         0.38
      -402.8        -0.47        -0.03         0.32
      -402.7        -0.52        -0.08         0.27
      -402.6        -0.56        -0.13         0.21
      -402.5        -0.60        -0.18         0.16
      -402.4        -0.64        -0.22         0.11
      -402.3        -0.67        -0.27         0.06
      -402.2        -0.71        -0.31         0.01
      -402.1        -0.75        -0.35        -0.04
      -402.0        -0.78        -0.39        -0.09
      -401.9        -0.81        -0.43        -0.13
      -401.8        -0.84        -0.47        -0.18
      -401.7        -0.87        -0.51        -0.22
      -401.6        -0.90        -0.54        -0.26
      -401.5        -0.93        -0.58        -0.30
      -401.4        -0.95        -0.61        -0.34
      -401.3        -0.98        -0.65        -0.39
      -401.2        -1.01        -0.69        -0.43
      -401.1        -1.04        -0.72        -0.47
      -401.0        -1.07        -0.76        -0.52
      -400.9        -1.10        -0.80        -0.56
      -400.8        -1.13        -0.84        -0.61
      -400.7        -1.17        -0.88        -0.66
      -400.6        -1.20        -0.92        -0.71
      -400.5        -1.23        -0.97        -0.76
      -400.4        -1.27        -1.01        -0.80
      -400.3        -1.30        -1.05        -0.85
      -400.2        -1.33        -1.09        -0.90
      -400.1        -1.37        -1.13        -0.95
      -400.0        -1.40        -1.17        -0.99
      -399.9        -1.43        -1.21        -1.04
      -399.8        -1.46        -1.25        -1.08
      -399.7        -1.49        -1.29        -1.13
      -399.6        -1.51        -1.32        -1.17
      -399.5        -1.54        -1.36        -1.21
      -399.4        -1.57        -1.40        -1.26
      -399.3        -1.60        -1.44        -1.30
      -399.2        -1.63        -1.48        -1.35
      -399.1        -1.67        -1.52        -1.40
      -399.0        -1.71        -1.57        -1.46
      -398.9        -1.75        -1.62        -1.51
      -398.8        -1.79        -1.67        -1.57
      -398.7        -1.83        -1.72        -1.63
      -398.6        -1.88        -1.77        -1.68
      -398.5        -1.92        -1.82        -1.73
      -398.4        -1.97        -1.87        -1.79
      -398.3        -2.01        -1.92        -1.84
      -398.2        -2.05        -1.96        -1.89
      -398.1        -2.09        -2.00        -1.93
      -398.0        -2.12        -2.03        -1.97
      -397.9        -2.15        -2.06        -2.00
      -397.8        -2.17        -2.09        -2.03
      -397.7        -2.19        -2.12        -2.06
      -397.6        -2.21        -2.14        -2.08
      -397.5        -2.23        -2.16        -2.10
      -397.4        -2.24        -2.17        -2.12
      -397.3        -2.26        -2.19        -2.14
      -397.2        -2.27        -2.20        -2.15
      -397.1        -2.28        -2.22        -2.17
      -397.0        -2.29        -2.23        -2.19
      -396.9        -2.30        -2.25        -2.20
      -396.8        -2.31        -2.26        -2.22
      -396.7        -2.33        -2.28        -2.24
      -396.6        -2.34        -2.29        -2.25
      -396.5        -2.35        -2.30        -2.27
      -396.4        -2.35        -2.31        -2.28
      -396.3        -2.36        -2.32        -2.29
      -396.2        -2.36        -2.33        -2.30
      -396.1        -2.36        -2.33        -2.30
      -396.0        -2.36        -2.33        -2.31
      -395.9        -2.35        -2.32        -2.30
      -395.8        -2.34        -2.31        -2.30
      -395.7        -2.32        -2.30        -2.29
      -395.6        -2.31        -2.29        -2.28
      -395.5        -2.29        -2.27        -2.26
      -395.4        -2.27        -2.26        -2.25
      -395.3        -2.25        -2.24        -2.24
      -395.2        -2.24        -2.23        -2.22
      -395.1        -2.22        -2.22        -2.21
      -395.0        -2.21        -2.21        -2.21
      -394.9        -2.19        -2.19        -2.19
      -394.8        -2.18        -2.18        -2.18
      -394.7        -2.17        -2.17        -2.17
      -394.6        -2.17        -2.17        -2.17
      -394.5        -2.16        -2.16        -2.16
      -394.4        -2.15        -2.15        -2.15
      -394.3        -2.14        -2.14        -2.14
      -394.2        -2.13        -2.13        -2.13
      -394.1        -2.12        -2.12        -2.12
      -394.0        -2.11        -2.11        -2.11
      -393.9        -2.09        -2.09        -2.09
      -393.8        -2.07        -2.07        -2.07
      -393.7        -2.05        -2.05        -2.05
      -393.6        -2.03        -2.03        -2.03
      -393.5        -2.01        -2.01        -2.01
      -393.4        -1.99        -1.99        -1.99
      -393.3        -1.97        -1.97        -1.97
      -393.2        -1.95        -1.95        -1.95
      -393.1        -1.94        -1.94        -1.94
      -393.0        -1.93        -1.93        -1.93
      -392.9        -1.92        -1.92        -1.92
      -392.8        -1.92        -1.92        -1.92
      -392.7        -1.92        -1.92        -1.92
      -392.6        -1.93        -1.93        -1.93
      -392.5        -1.93        -1.93        -1.93
      -392.4        -1.95        -1.95        -1.95
      -392.3        -1.96        -1.96        -1.96
      -392.2        -1.97        -1.97        -1.97
      -392.1        -1.99        -1.99        -1.99
      -392.0        -2.00        -2.00        -2.00
      -391.9        -2.02        -2.02        -2.02
      -391.8        -2.03        -2.03        -2.03
      -391.7        -2.05        -2.05        -2.05
      -391.6        -2.06        -2.06        -2.06
      -391.5        -2.07        -2.07        -2.07
      -391.4        -2.09        -2.09        -2.09
      -391.3        -2.10        -2.10        -2.10
      -391.2        -2.11        -2.11        -2.11
      -391.1        -2.12        -2.12        -2.12
      -391.0        -2.12        -2.12        -2.12
      -390.9        -2.13        -2.13        -2.13
      -390.8        -2.13        -2.13        -2.13
      -390.7        -2.13        -2.13        -2.13
      -390.6        -2.13        -2.13        -2.13
      -390.5        -2.13        -2.13        -2.13
      -390.4        -2.12        -2.12        -2.12
      -390.3        -2.12        -2.12        -2.12
      -390.2        -2.12        -2.12        -2.12
      -390.1        -2.12        -2.12        -2.12
      -390.0        -2.12        -2.12        -2.12
      -389.5        -2.11        -2.11        -2.11
      -389.0        -2.09        -2.09        -2.09
      -388.5        -2.04        -2.04        -2.04
      -388.0        -2.16        -2.16        -2.16
      -387.5        -2.55        -2.55        -2.55
      -387.0        -2.80        -2.80        -2.80
      -386.5        -2.55        -2.55        -2.55
      -386.0        -2.18        -2.18        -2.18
      -385.5        -2.13        -2.13        -2.13
      -385.0        -2.25        -2.25        -2.25
      -384.5        -2.30        -2.30        -2.30
      -384.0        -2.43        -2.43        -2.43
      -383.5        -2.76        -2.76        -2.76
      -383.0        -3.02        -3.02        -3.02
      -382.5        -2.94        -2.94        -2.94
      -382.0        -2.76        -2.76        -2.76
      -381.5        -2.77        -2.77        -2.77
      -381.0        -2.90        -2.90        -2.90
      -380.5        -3.06        -3.06        -3.06
      -380.0        -3.20        -3.20        -3.20
