        time         r95a         best         r95b
      -430.0         0.03         0.15         0.37
      -429.9         0.03         0.15         0.37
      -429.8         0.03         0.15         0.37
      -429.7         0.02         0.15         0.37
      -429.6         0.02         0.14         0.36
      -429.5         0.02         0.14         0.35
      -429.4         0.01         0.13         0.35
      -429.3         0.00         0.13         0.34
      -429.2        -0.01         0.12         0.33
      -429.1        -0.02         0.11         0.32
      -429.0        -0.02         0.10         0.31
      -428.9        -0.03         0.09         0.30
      -428.8        -0.04         0.09         0.29
      -428.7        -0.05         0.08         0.28
      -428.6        -0.05         0.07         0.27
      -428.5        -0.06         0.06         0.26
      -428.4        -0.06         0.06         0.25
      -428.3        -0.07         0.05         0.24
      -428.2        -0.07         0.05         0.24
      -428.1        -0.08         0.04         0.24
      -428.0        -0.08         0.04         0.24
      -427.9        -0.09         0.04         0.23
      -427.8        -0.08         0.03         0.22
      -427.7        -0.09         0.03         0.22
      -427.6        -0.09         0.03         0.22
      -427.5        -0.10         0.03         0.22
      -427.4        -0.09         0.03         0.21
      -427.3        -0.10         0.02         0.21
      -427.2        -0.10         0.02         0.20
      -427.1        -0.10         0.02         0.20
      -427.0        -0.10         0.02         0.20
      -426.9        -0.10         0.02         0.19
      -426.8        -0.11         0.01         0.19
      -426.7        -0.11         0.00         0.19
      -426.6        -0.11         0.00         0.18
      -426.5        -0.11         0.00         0.18
      -426.4        -0.11         0.00         0.18
      -426.3        -0.11         0.00         0.17
      -426.2        -0.11        -0.01         0.16
      -426.1        -0.11        -0.01         0.16
      -426.0        -0.12        -0.01         0.16
      -425.9        -0.12        -0.01         0.16
      -425.8        -0.12        -0.01         0.16
      -425.7        -0.12        -0.01         0.15
      -425.6        -0.12        -0.02         0.15
      -425.5        -0.12        -0.02         0.15
      -425.4        -0.12        -0.02         0.15
      -425.3        -0.11        -0.02         0.15
      -425.2        -0.11        -0.01         0.15
      -425.1        -0.11        -0.01         0.15
      -425.0        -0.11        -0.01         0.15
      -424.9        -0.11        -0.01         0.15
      -424.8        -0.11        -0.01         0.15
      -424.7        -0.11        -0.01         0.15
      -424.6        -0.11        -0.01         0.15
      -424.5        -0.11        -0.01         0.15
      -424.4        -0.11        -0.01         0.14
      -424.3        -0.11        -0.01         0.14
      -424.2        -0.11        -0.01         0.14
      -424.1        -0.11        -0.01         0.13
      -424.0        -0.11        -0.01         0.13
      -423.9        -0.11        -0.01         0.13
      -423.8        -0.11        -0.01         0.13
      -423.7        -0.11        -0.02         0.13
      -423.6        -0.11        -0.01         0.13
      -423.5        -0.11        -0.01         0.12
      -423.4        -0.11        -0.02         0.12
      -423.3        -0.11        -0.01         0.12
      -423.2        -0.11        -0.01         0.12
      -423.1        -0.11        -0.01         0.12
      -423.0        -0.11        -0.01         0.12
      -422.9        -0.11        -0.01         0.12
      -422.8        -0.10        -0.01         0.12
      -422.7        -0.10        -0.01         0.12
      -422.6        -0.10        -0.01         0.12
      -422.5        -0.10        -0.01         0.12
      -422.4        -0.09        -0.01         0.12
      -422.3        -0.09        -0.01         0.12
      -422.2        -0.09         0.00         0.12
      -422.1        -0.08         0.00         0.12
      -422.0        -0.08         0.00         0.12
      -421.9        -0.08         0.00         0.12
      -421.8        -0.08         0.00         0.12
      -421.7        -0.08         0.01         0.12
      -421.6        -0.07         0.01         0.12
      -421.5        -0.07         0.01         0.12
      -421.4        -0.07         0.01         0.12
      -421.3        -0.06         0.01         0.12
      -421.2        -0.06         0.02         0.12
      -421.1        -0.05         0.02         0.12
      -421.0        -0.05         0.02         0.13
      -420.9        -0.05         0.03         0.13
      -420.8        -0.04         0.03         0.13
      -420.7        -0.04         0.04         0.13
      -420.6        -0.03         0.04         0.14
      -420.5        -0.03         0.05         0.15
      -420.4        -0.03         0.05         0.15
      -420.3        -0.02         0.06         0.16
      -420.2        -0.02         0.06         0.16
      -420.1        -0.01         0.06         0.17
      -420.0        -0.01         0.07         0.17
      -419.9         0.00         0.07         0.18
      -419.8         0.00         0.08         0.18
      -419.7         0.00         0.08         0.19
      -419.6         0.01         0.09         0.19
      -419.5         0.01         0.09         0.20
      -419.4         0.02         0.10         0.20
      -419.3         0.02         0.10         0.20
      -419.2         0.03         0.10         0.20
      -419.1         0.03         0.11         0.21
      -419.0         0.04         0.11         0.21
      -418.9         0.04         0.12         0.22
      -418.8         0.05         0.12         0.22
      -418.7         0.05         0.13         0.22
      -418.6         0.06         0.13         0.23
      -418.5         0.06         0.14         0.23
      -418.4         0.07         0.14         0.24
      -418.3         0.08         0.15         0.24
      -418.2         0.08         0.16         0.25
      -418.1         0.09         0.16         0.25
      -418.0         0.10         0.17         0.26
      -417.9         0.11         0.17         0.26
      -417.8         0.11         0.18         0.27
      -417.7         0.12         0.19         0.28
      -417.6         0.12         0.20         0.28
      -417.5         0.13         0.20         0.29
      -417.4         0.14         0.21         0.29
      -417.3         0.15         0.22         0.30
      -417.2         0.15         0.23         0.31
      -417.1         0.16         0.23         0.32
      -417.0         0.17         0.25         0.33
      -416.9         0.18         0.26         0.33
      -416.8         0.19         0.27         0.34
      -416.7         0.20         0.28         0.35
      -416.6         0.21         0.29         0.36
      -416.5         0.22         0.30         0.37
      -416.4         0.23         0.31         0.38
      -416.3         0.24         0.33         0.40
      -416.2         0.26         0.34         0.41
      -416.1         0.27         0.36         0.42
      -416.0         0.28         0.37         0.44
      -415.9         0.29         0.39         0.45
      -415.8         0.31         0.41         0.47
      -415.7         0.32         0.43         0.49
      -415.6         0.33         0.45         0.51
      -415.5         0.35         0.47         0.53
      -415.4         0.36         0.49         0.56
      -415.3         0.37         0.51         0.58
      -415.2         0.39         0.53         0.61
      -415.1         0.40         0.55         0.63
      -415.0         0.41         0.58         0.66
      -414.9         0.43         0.60         0.69
      -414.8         0.44         0.62         0.72
      -414.7         0.46         0.65         0.74
      -414.6         0.47         0.67         0.78
      -414.5         0.48         0.70         0.80
      -414.4         0.50         0.72         0.83
      -414.3         0.51         0.75         0.87
      -414.2         0.53         0.77         0.90
      -414.1         0.55         0.80         0.93
      -414.0         0.56         0.83         0.97
      -413.9         0.58         0.86         1.00
      -413.8         0.60         0.89         1.03
      -413.7         0.61         0.92         1.07
      -413.6         0.63         0.95         1.11
      -413.5         0.65         0.99         1.15
      -413.4         0.67         1.02         1.19
      -413.3         0.69         1.06         1.24
      -413.2         0.71         1.10         1.28
      -413.1         0.73         1.14         1.32
      -413.0         0.76         1.18         1.37
      -412.9         0.78         1.22         1.42
      -412.8         0.80         1.26         1.47
      -412.7         0.82         1.31         1.52
      -412.6         0.85         1.35         1.58
      -412.5         0.87         1.40         1.63
      -412.4         0.90         1.45         1.69
      -412.3         0.93         1.50         1.75
      -412.2         0.96         1.55         1.81
      -412.1         0.98         1.61         1.88
      -412.0         1.01         1.66         1.95
      -411.9         1.04         1.72         2.02
      -411.8         1.08         1.78         2.10
      -411.7         1.11         1.85         2.18
      -411.6         1.14         1.91         2.25
      -411.5         1.17         1.98         2.33
      -411.4         1.21         2.05         2.41
      -411.3         1.24         2.12         2.49
      -411.2         1.28         2.19         2.57
      -411.1         1.32         2.27         2.64
      -411.0         1.35         2.34         2.72
      -410.9         1.39         2.41         2.80
      -410.8         1.43         2.49         2.88
      -410.7         1.46         2.56         2.96
      -410.6         1.50         2.63         3.04
      -410.5         1.54         2.70         3.12
      -410.4         1.58         2.78         3.20
      -410.3         1.62         2.85         3.28
      -410.2         1.66         2.92         3.36
      -410.1         1.70         3.00         3.44
      -410.0         1.75         3.07         3.52
      -409.9         1.79         3.14         3.60
      -409.8         1.84         3.22         3.68
      -409.7         1.88         3.29         3.76
      -409.6         1.92         3.36         3.85
      -409.5         1.97         3.43         3.93
      -409.4         2.02         3.50         4.01
      -409.3         2.06         3.58         4.10
      -409.2         2.10         3.64         4.18
      -409.1         2.15         3.71         4.26
      -409.0         2.20         3.79         4.34
      -408.9         2.24         3.86         4.41
      -408.8         2.29         3.93         4.49
      -408.7         2.33         4.00         4.56
      -408.6         2.37         4.07         4.63
      -408.5         2.41         4.14         4.70
      -408.4         2.45         4.21         4.77
      -408.3         2.49         4.27         4.84
      -408.2         2.53         4.34         4.91
      -408.1         2.57         4.40         4.97
      -408.0         2.61         4.47         5.04
      -407.9         2.64         4.53         5.11
      -407.8         2.68         4.59         5.17
      -407.7         2.72         4.65         5.23
      -407.6         2.75         4.71         5.30
      -407.5         2.79         4.77         5.36
      -407.4         2.82         4.82         5.42
      -407.3         2.85         4.88         5.48
      -407.2         2.89         4.93         5.54
      -407.1         2.92         4.99         5.60
      -407.0         2.95         5.04         5.66
      -406.9         2.98         5.09         5.72
      -406.8         3.01         5.14         5.77
      -406.7         3.04         5.19         5.83
      -406.6         3.07         5.24         5.88
      -406.5         3.10         5.29         5.93
      -406.4         3.12         5.34         5.98
      -406.3         3.15         5.38         6.03
      -406.2         3.17         5.43         6.07
      -406.1         3.19         5.47         6.12
      -406.0         3.21         5.52         6.16
      -405.9         3.24         5.55         6.20
      -405.8         3.25         5.59         6.24
      -405.7         3.27         5.63         6.27
      -405.6         3.29         5.66         6.31
      -405.5         3.30         5.70         6.34
      -405.4         3.32         5.73         6.37
      -405.3         3.33         5.76         6.39
      -405.2         3.34         5.79         6.42
      -405.1         3.35         5.83         6.44
      -405.0         3.36         5.85         6.46
      -404.9         3.36         5.88         6.48
      -404.8         3.37         5.90         6.49
      -404.7         3.37         5.93         6.51
      -404.6         3.38         5.95         6.52
      -404.5         3.38         5.97         6.53
      -404.4         3.38         5.99         6.54
      -404.3         3.37         6.01         6.55
      -404.2         3.37         6.03         6.56
      -404.1         3.37         6.04         6.57
      -404.0         3.36         6.06         6.57
      -403.9         3.36         6.07         6.57
      -403.8         3.35         6.08         6.58
      -403.7         3.34         6.09         6.58
      -403.6         3.33         6.11         6.58
      -403.5         3.32         6.11         6.58
      -403.4         3.31         6.12         6.57
      -403.3         3.29         6.13         6.57
      -403.2         3.28         6.14         6.57
      -403.1         3.26         6.14         6.56
      -403.0         3.25         6.14         6.55
      -402.9         3.23         6.14         6.55
      -402.8         3.21         6.14         6.54
      -402.7         3.19         6.14         6.53
      -402.6         3.17         6.14         6.52
      -402.5         3.15         6.14         6.52
      -402.4         3.13         6.13         6.51
      -402.3         3.10         6.13         6.50
      -402.2         3.08         6.13         6.49
      -402.1         3.05         6.12         6.47
      -402.0         3.03         6.12         6.46
      -401.9         3.00         6.11         6.45
      -401.8         2.97         6.10         6.44
      -401.7         2.95         6.09         6.42
      -401.6         2.92         6.08         6.41
      -401.5         2.89         6.07         6.39
      -401.4         2.86         6.06         6.38
      -401.3         2.83         6.05         6.36
      -401.2         2.80         6.04         6.34
      -401.1         2.77         6.02         6.32
      -401.0         2.74         6.00         6.31
      -400.9         2.70         5.99         6.29
      -400.8         2.67         5.98         6.27
      -400.7         2.64         5.96         6.26
      -400.6         2.61         5.95         6.24
      -400.5         2.57         5.93         6.22
      -400.4         2.54         5.91         6.20
      -400.3         2.50         5.89         6.18
      -400.2         2.47         5.87         6.16
      -400.1         2.43         5.86         6.14
      -400.0         2.40         5.84         6.12
      -399.9         2.37         5.82         6.10
      -399.8         2.33         5.79         6.08
      -399.7         2.30         5.78         6.06
      -399.6         2.26         5.75         6.04
      -399.5         2.23         5.73         6.02
      -399.4         2.20         5.71         5.99
      -399.3         2.17         5.68         5.97
      -399.2         2.14         5.66         5.95
      -399.1         2.11         5.64         5.92
      -399.0         2.08         5.61         5.90
      -398.9         2.05         5.59         5.88
      -398.8         2.02         5.56         5.86
      -398.7         1.99         5.54         5.83
      -398.6         1.96         5.51         5.81
      -398.5         1.93         5.48         5.78
      -398.4         1.90         5.46         5.75
      -398.3         1.87         5.43         5.73
      -398.2         1.84         5.40         5.71
      -398.1         1.81         5.37         5.68
      -398.0         1.78         5.34         5.65
      -397.9         1.76         5.31         5.62
      -397.8         1.73         5.28         5.60
      -397.7         1.70         5.25         5.57
      -397.6         1.67         5.21         5.54
      -397.5         1.64         5.18         5.51
      -397.4         1.62         5.15         5.48
      -397.3         1.59         5.11         5.45
      -397.2         1.56         5.07         5.42
      -397.1         1.54         5.04         5.39
      -397.0         1.51         5.00         5.36
      -396.9         1.48         4.96         5.33
      -396.8         1.46         4.93         5.30
      -396.7         1.43         4.89         5.27
      -396.6         1.41         4.84         5.24
      -396.5         1.38         4.81         5.21
      -396.4         1.36         4.77         5.18
      -396.3         1.34         4.73         5.15
      -396.2         1.32         4.69         5.11
      -396.1         1.30         4.65         5.08
      -396.0         1.28         4.61         5.05
      -395.9         1.25         4.57         5.01
      -395.8         1.23         4.53         4.98
      -395.7         1.22         4.49         4.95
      -395.6         1.20         4.45         4.92
      -395.5         1.18         4.41         4.88
      -395.4         1.16         4.37         4.85
      -395.3         1.14         4.33         4.82
      -395.2         1.13         4.29         4.79
      -395.1         1.11         4.25         4.75
      -395.0         1.09         4.21         4.72
      -394.9         1.08         4.16         4.69
      -394.8         1.06         4.13         4.65
      -394.7         1.05         4.09         4.62
      -394.6         1.03         4.05         4.60
      -394.5         1.02         4.01         4.57
      -394.4         1.00         3.97         4.53
      -394.3         0.99         3.93         4.50
      -394.2         0.98         3.90         4.47
      -394.1         0.96         3.85         4.44
      -394.0         0.95         3.81         4.41
      -393.9         0.94         3.78         4.38
      -393.8         0.92         3.74         4.35
      -393.7         0.91         3.70         4.32
      -393.6         0.90         3.66         4.29
      -393.5         0.89         3.62         4.26
      -393.4         0.87         3.59         4.23
      -393.3         0.86         3.55         4.20
      -393.2         0.85         3.52         4.17
      -393.1         0.84         3.48         4.14
      -393.0         0.83         3.45         4.11
      -392.9         0.81         3.41         4.08
      -392.8         0.80         3.38         4.05
      -392.7         0.79         3.34         4.02
      -392.6         0.78         3.31         3.99
      -392.5         0.77         3.27         3.96
      -392.4         0.76         3.24         3.93
      -392.3         0.74         3.20         3.90
      -392.2         0.73         3.17         3.87
      -392.1         0.72         3.14         3.84
      -392.0         0.71         3.10         3.82
      -391.9         0.70         3.07         3.79
      -391.8         0.69         3.03         3.76
      -391.7         0.68         3.00         3.74
      -391.6         0.67         2.96         3.71
      -391.5         0.66         2.93         3.68
      -391.4         0.65         2.90         3.65
      -391.3         0.64         2.86         3.63
      -391.2         0.63         2.83         3.60
      -391.1         0.62         2.80         3.57
      -391.0         0.61         2.76         3.55
      -390.9         0.60         2.72         3.52
      -390.8         0.59         2.69         3.50
      -390.7         0.58         2.66         3.47
      -390.6         0.57         2.63         3.44
      -390.5         0.56         2.60         3.41
      -390.4         0.55         2.57         3.39
      -390.3         0.54         2.53         3.36
      -390.2         0.53         2.50         3.33
      -390.1         0.52         2.48         3.31
      -390.0         0.51         2.45         3.28
      -389.5         0.47         2.32         3.14
      -389.0         0.44         2.21         3.01
      -388.5         0.41         2.11         2.88
      -388.0         0.39         2.02         2.77
      -387.5         0.38         1.94         2.66
      -387.0         0.38         1.86         2.57
      -386.5         0.38         1.78         2.48
      -386.0         0.37         1.71         2.39
      -385.5         0.36         1.63         2.31
      -385.0         0.34         1.56         2.23
      -384.5         0.31         1.50         2.15
      -384.0         0.30         1.44         2.09
      -383.5         0.29         1.38         2.02
      -383.0         0.30         1.33         1.96
      -382.5         0.30         1.27         1.90
      -382.0         0.30         1.21         1.84
      -381.5         0.30         1.16         1.77
      -381.0         0.29         1.11         1.71
      -380.5         0.28         1.06         1.66
      -380.0         0.28         1.01         1.60
